spinecenter-\$1 12.5984 12.5984 14.3622 48 48 13.7323 10.3307;
spine-rot-\$1 48 48 33 48 48 16 9;
nbeats1-up-\\\$1 19 19 19 19 19 16 9;
len1-up-\\\$1 17 17 17 17 17 26 9;
rot1-up-\\\$1 8 8 8 8 8;
len2-up-\\\$1 4 4 4 4 4 13 9;
rot2-up-\\\$1 17 17 17 17 17 7 9;
nbeats3-up-\\\$1 15 15 15 15 15 23 9;
len3-up-\\\$1 30 30 30 30 30 48 9;
rot3-up-\\\$1 1 1 1 1 1 7 9;
nbeats2-up-\\\$1 1 1 1 1 1 4 9;
len1-dwn-\\\$1 1 1 1 1 1 13 9;
len2-dwn-\\\$1 1 1 1 1 1 11 9;
len3-dwn-\\\$1 1 1 1 1 1;
nbeats1-dwn-\\\$1 1 1 1 1 1 15 9;
nbeats2-dwn-\\\$1 2 2 2 2 2 6 9;
nbeats3-dwn-\\\$1 2 2 2 2 2 11 9;
rot1-dwn-\\\$1 1 1 1 1 1 18 9;
rot2-dwn-\\\$1 1 1 1 1 1 14 9;
rot3-dwn-\\\$1 1 1 1 1 1 16 9;
